16053
2198
13855
0



17
156 112 183 94 95 59 93 
27 167 190 31 159 62 182 148 
154 138 12 68 150 80 177 134 163 54 
53 105 180 152 58 13 87 144 178 
28 111 176 132 69 162 127 118 5 
147 89 166 85 193 100 151 92 97 141 
196 116 184 76 102 157 81 120 9 
26 149 195 109 130 155 4 39 187 139 
48 47 168 49 143 19 107 175 11 
171 133 22 75 72 197 198 21 73 23 
146 52 194 106 153 82 114 174 125 45 86 
161 103 188 160 32 131 181 108 
164 34 79 129 169 158 3 77 50 1 30 122 
40 115 2 137 172 142 14 44 191 16 113 61 98 37 104 
18 83 199 8 123 10 189 66 128 20 71 135 35 65 136 
96 99 192 119 38 140 67 170 186 56 74 145 41 15 57 42 43 179 110 
88 7 124 36 64 63 126 90 51 33 185 121 29 165 25 55 24 101 70 84 173 60 6 117 17 91 78 46 
