15665
1802
13855
8

17 50 161 

17
156 112 183 94 96 59 95 
27 167 190 88 159 62 148 182 
154 138 12 177 150 80 68 163 134 109 
53 105 180 152 58 137 87 144 13 
28 111 176 132 69 162 127 18 166 
89 147 6 98 91 193 100 37 151 92 
184 116 196 76 102 157 81 120 9 
26 149 195 54 130 155 4 139 187 39 
123 168 47 143 49 19 107 175 11 
171 74 133 22 75 197 72 73 21 198 
146 52 153 106 194 82 8 174 125 45 
103 188 160 131 32 90 108 
164 34 78 129 79 158 3 77 122 30 1 
40 115 178 2 172 142 14 119 141 86 113 16 191 97 117 
118 83 199 114 7 10 189 128 20 66 65 136 35 135 71 
99 85 192 44 140 38 56 170 67 23 186 41 145 15 43 42 57 110 179 
48 124 46 36 64 63 126 181 51 33 185 169 29 24 25 55 165 121 101 70 31 60 5 84 173 61 93 104 
